-50.0 518056.45356611593 -42.95353809120658 17.149250526664513
-49.0 512338.5873615664 -43.53371934077657 17.138030377919385
-48.0 506674.4161847515 -44.12693352064423 17.126461948599488
-47.0 501065.7610759838 -44.7334932649824 17.11452249754576
-46.0 495514.5076489209 -45.35371341980985 17.10218734392719
-45.0 490022.60684681707 -45.98791040143115 17.08942947880886
-44.0 484592.0768516858 -46.6364013267208 17.07621940897948
-43.0 479225.0042613924 -47.29950311090752 17.062524831841117
-42.0 473923.5452600371 -47.977531444987505 17.048310292740705
-41.0 468689.9266314217 -48.67079965923236 17.0335367909018
-40.0 463526.44658891024 -49.37961746584733 17.018161324671468
-39.0 458435.47539224656 -50.10428957416346 17.002136365072236
-38.0 453419.4557191327 -50.84511417217263 16.985409243852576
-37.0 448480.90275764663 -51.602381268778885 16.96792143959982
-36.0 443622.4039824386 -52.376370891994384 16.94960774139206
-35.0 438846.61857579654 -53.16735113937452 16.930395264909105
-34.0 434156.27645263524 -53.97557607825124 16.910202289605078
-33.0 429554.1768466311 -54.801283494942055 16.88893687779406
-32.0 425043.1864940176 -55.644692478442124 16.866495259211113
-31.0 420626.23688083765 -56.506000935675246 16.842759723149186
-30.0 416306.32173484843 -57.38538281076981 16.81759642467835
-29.0 412086.4930747105 -58.28298532757029 16.79085235796054
-28.0 407969.85700722766 -59.198926035775656 16.762351845207192
-27.0 403959.56873452454 -60.133289768932826 16.731892174884774
-26.0 400058.8268141702 -61.08612551875876 16.699238196390674
-25.0 396270.8666373496 -62.05744324962538 16.664115558636283
-24.0 392598.95309535577 -63.04721068126926 16.626202188138592
-23.0 389046.3722473842 -64.05535012058732 16.58511732037093
-22.0 385616.42296884913 -65.08173508833283 16.540408031494277
-21.0 382312.4060788364 -66.1261875044587 16.49153039768463
-20.0 379137.61430491856 -67.18847451200165 16.437826106477317
-19.0 376095.3205795782 -68.26830570317503 16.378490532587282
-18.0 373188.76572089014 -69.36533050388906 16.312529703543106
-17.0 370421.1453800813 -70.47913580372656 16.238701129719267
-16.0 367795.59632482874 -71.60924386268726 16.15543097045816
-15.0 365315.1821456546 -72.75511050966583 16.060695709299285
-14.0 362982.8784911615 -73.91612361895841 15.951849237329416
-13.0 360801.557954955 -75.09160180053757 15.825363520168239
-12.0 358773.9747550092 -76.28079314806752 15.676427902281047
-11.0 356902.7493452945 -77.48287372876791 15.498308148150088
-10.0 355190.35323148244 -78.69694508121921 15.281278984749884
-9.0 353639.0939141935 -79.92202951931904 15.010756634643789
-8.0 352251.1004995863 -81.15706003109113 14.663834980828572
-7.0 351028.3099051081 -82.40085796810604 14.202368299156682
-6.0 349972.4539632179 -83.65208034750847 13.557791913192862
-5.0 349085.0475948387 -84.90908268209446 12.593339976355487
-4.0 348367.3782337968 -86.16950053113655 10.991653270534162
-3.0 347820.496664302 -87.42858244317597 7.813990929026635
-2.0 347445.20945398207 -88.66806691189211 358.62825450734226
-1.0 347242.07301789604 -89.57098181989474 285.33413175170745
0.0 347211.389542429 -88.63793765833185 215.74029383900668
1.0 347353.2047361767 -87.39470046320164 206.8589280920934
2.0 347667.30749011715 -86.1311109225314 203.7432012383126
3.0 348153.2314453965 -84.86466243068321 202.16364569840877
4.0 348810.2584414677 -83.60003471842109 201.20951853694822
5.0 349637.42378555366 -82.33960917749692 200.5705720885924
6.0 350633.5232538048 -81.08507324498476 200.1125071026102
7.0 351797.1217072081 -79.83782594804362 199.76779583563282
8.0 353126.56318098126 -78.59911090484928 199.49878982496432
9.0 354619.98214847903 -77.37006710169956 199.28284506961953
10.0 356275.31659602997 -76.15174941912596 199.10552795141422
11.0 358090.3207217625 -74.94513816564915 198.95720249092537
12.0 360062.57968603313 -73.75114237264387 198.83119126099766
13.0 362189.5242864573 -72.57060136619589 198.72272087176069
14.0 364468.4461247614 -71.40428535227343 198.62828857718756
15.0 366896.5129563177 -70.25289578863831 198.54526591823915
16.0 369470.78404778655 -69.11706587757769 198.47164199986844
17.0 372188.2253807372 -67.99736134239564 198.40585220038253
18.0 375045.7245555241 -66.89428155731642 198.34666089078735
19.0 378040.1052654599 -65.80826104841358 198.29307928956518
20.0 381168.1412295839 -64.73967135223475 198.244306757543
21.0 384426.56949039287 -63.68882320103148 198.19968808431463
22.0 387812.10316657374 -62.65596894473106 198.15868201432815
23.0 391321.4426131011 -61.64130545559695 198.1208371096891
24.0 394951.287405744 -60.64497673433081 198.0857744057305
25.0 398698.3458643074 -59.66707715026624 198.05317309885535
26.0 402559.3445314295 -58.70765453250101 198.02275987751304
27.0 406531.0366409482 -57.766713365262774 197.99430044781772
28.0 410610.2097459261 -56.84421799936436 197.96759281110567
29.0 414793.69252618216 -55.940095845142906 197.94246188504852
30.0 419078.36080246454 -55.0542405167418 197.91875516511564
31.0 423461.1427908391 -54.18651490191195 197.89633919913516
32.0 427939.0233991014 -53.33675417925343 197.87509661761857
33.0 432509.04901816597 -52.50476850440444 197.8549240968029
34.0 437168.3293365655 -51.690346006312325 197.8357298779374
35.0 441914.04089519376 -50.893255207257795 197.81743246958226
36.0 446743.42893646384 -50.1132475189369 197.79995918604266
37.0 451653.80898491637 -49.350059545657615 197.78324498925687
38.0 456642.56797351997 -48.60341523683735 197.7672315088205
39.0 461707.16495859675 -47.87302788902869 197.75186620885788
40.0 466845.1314653266 -47.15860199927846 197.73710167683973
41.0 472054.07150353637 -46.45983497306469 197.72289501389892
42.0 477331.66129139584 -45.7764186912469 197.70920731020766
43.0 482675.64909359306 -45.10804089617852 197.69600327571533
44.0 488083.8529817714 -44.454386675057634 197.68325051012346
45.0 493554.161933995 -43.815139382834076 197.67091963795446
46.0 499084.53398837673 -43.18998180328404 197.6589838258035
47.0 504672.9938095116 -42.57859723060912 197.64741827673848
48.0 510317.63335067703 -41.98067009253313 197.63620042814614
49.0 516016.60869198147 -41.395886892252435 197.6253094025852
