-376.228 0.00746988
-359.113 0.00987952
-340.095 0.0130120
-322.029 0.0142169
-303.962 0.0137349
-285.895 0.0156627
-268.780 0.0226506
-250.713 0.0272289
-232.647 0.0265060
-214.580 0.0274699
-196.513 0.0313253
-178.447 0.0363855
-160.380 0.0383133
-143.265 0.0472289
-125.198 0.0660241
-106.181 0.0792771
-88.1141 0.0872289
-70.9984 0.0944578
-51.9810 0.0971084
-33.9144 0.0874699
-15.8479 0.0672289
3.16956 0.0508434
20.2853 0.0395181
38.3518 0.0315663
55.4675 0.0289157
73.5341 0.0274699
92.5515 0.0286747
110.618 0.0269880
127.734 0.0231325
145.800 0.0231325
163.867 0.0197590
181.933 0.0200000
